0,0,0.084146,0.19882,0.25513,0.28665,0.29947,0.29524,0.27345,0.23083,0.15507,0,0,0,0,0,0,0,0,0,0,0,0,0.11593,0.21152,0.2624,0.29027,0.29996,0.29265,0.26744,0.22022,0.13419,0,0,0,0,0,0,0,0,0,0,0,0,0,0,0,0,0,0,0
0,0,0.084146,0.19882,0.25513,0.28665,0.29947,0.29524,0.27345,0.23083,0.15507,0,0,0,0,0,0,0,0,0,0,0,0,0.1559,0.23022,0.27271,0.29484,0.2996,0.28729,0.25605,0.19943,0.081552,0,0,0,0,0,0,0,0,0,0,0,0,0,0,0,0,0,0,0
0,0,0.084146,0.19882,0.25513,0.28665,0.29947,0.29524,0.27345,0.23083,0.15507,0,0,0,0,0,0,0,0,0,0,0,0.051765,0.18531,0.24582,0.28116,0.29795,0.29785,0.28035,0.24243,0.17384,0,0,0,0,0,0,0,0,0,0,0,0,0,0,0,0,0,0,0,0
0,0,0.084146,0.19882,0.25513,0.28665,0.29947,0.29524,0.27345,0.23083,0.15507,0,0,0,0,0,0,0,0,0,0,0,0.11964,0.20867,0.25889,0.28793,0.29964,0.29468,0.27171,0.22617,0.14084,0,0,0,0,0,0,0,0,0,0,0,0,0,0,0,0,0,0,0,0
0,0,0.084146,0.19882,0.25513,0.28665,0.29947,0.29524,0.27345,0.23083,0.15507,0,0,0,0,0,0,0,0,0,0,0,0.15848,0.22786,0.2698,0.29312,0.29994,0.29005,0.2612,0.20664,0.092836,0,0,0,0,0,0,0,0,0,0,0,0,0,0,0,0,0,0,0,0
0,0,0.084146,0.19882,0.25513,0.28665,0.29947,0.29524,0.27345,0.23083,0.15507,0,0,0,0,0,0,0,0,0,0,0.081927,0.18731,0.24384,0.27879,0.29683,0.29886,0.28388,0.24858,0.1828,0,0,0,0,0,0,0,0,0,0,0,0,0,0,0,0,0,0,0,0,0
0,0,0.084146,0.19882,0.25513,0.28665,0.29947,0.29524,0.27345,0.23083,0.15507,0,0,0,0,0,0,0,0,0,0,0.1344,0.2103,0.25723,0.28605,0.29911,0.29637,0.27607,0.23351,0.15265,0,0,0,0,0,0,0,0,0,0,0,0,0,0,0,0,0,0,0,0,0
0,0,0.084146,0.19882,0.25513,0.28645,0.30059,0.29788,0.27584,0.23083,0.15507,0,0,0,0,0,0,0,0,0,0.049394,0.16907,0.2292,0.26842,0.29171,0.29999,0.29244,0.26648,0.21548,0.11115,0,0,0,0,0,0,0,0,0,0,0,0,0,0,0,0,0,0,0,0,0
0,0,0.084146,0.19762,0.2518,0.2854,0.30203,0.3024,0.28519,0.24443,0.15507,0,0,0,0,0,0,0,0,0,0.1187,0.19564,0.24497,0.27766,0.29587,0.29948,0.28701,0.25491,0.19366,0.024019,0,0,0,0,0,0,0,0,0,0,0,0,0,0,0,0,0,0,0,0,0
0,0,0.084146,0.19089,0.24772,0.28364,0.30262,0.30574,0.29235,0.25897,0.18931,0,0,0,0,0,0,0,0,0.047084,0.15782,0.2171,0.25818,0.28515,0.29857,0.29757,0.27999,0.24107,0.16657,0,0,0,0,0,0,0,0,0,0,0,0,0,0,0,0,0,0,0,0,0,0
0,0,0.081979,0.18327,0.24292,0.28118,0.30244,0.30806,0.29784,0.26948,0.2139,0,0,0,0,0,0,0,0,0.11782,0.1868,0.23486,0.2692,0.29103,0.29987,0.29425,0.27127,0.22454,0.13098,0,0,0,0,0,0,0,0,0,0,0,0,0,0,0,0,0,0,0,0,0,0
0,0,0.068113,0.17465,0.23736,0.27803,0.30151,0.30946,0.302,0.27746,0.22887,0.096571,0,0,0,0,0,0,0.080218,0.15721,0.20989,0.24971,0.2783,0.29538,0.29978,0.28945,0.26067,0.20467,0.075733,0,0,0,0,0,0,0,0,0,0,0,0,0,0,0,0,0,0,0,0,0,0
0,0,0.051504,0.16487,0.231,0.27417,0.29987,0.31003,0.30503,0.28359,0.23963,0.14315,0.074954,0,0,0,0,0.058972,0.13344,0.18633,0.22886,0.26214,0.28567,0.29828,0.2983,0.28311,0.24795,0.18036,0,0,0,0,0,0,0,0,0,0,0,0,0,0,0,0,0,0,0,0,0,0,0
0,0,0.030373,0.15372,0.22378,0.26961,0.29753,0.30981,0.30706,0.28827,0.24777,0.17557,0.13056,0.082321,0.033485,0.026021,0.074101,0.1227,0.16836,0.2095,0.24468,0.27249,0.29142,0.29977,0.29541,0.27512,0.23276,0.14946,0,0,0,0,0,0,0,0,0,0,0,0,0,0,0,0,0,0,0,0,0,0,0
0,0,0,0.14086,0.2156,0.2643,0.29449,0.30885,0.30821,0.29174,0.25402,0.20082,0.16627,0.13463,0.11341,0.11157,0.13011,0.16063,0.19508,0.22854,0.25794,0.28099,0.29566,0.29987,0.29106,0.26532,0.21458,0.10638,0,0,0,0,0,0,0,0,0,0,0,0,0,0,0,0,0,0,0,0,0,0,0
0,0,0,0.1257,0.20633,0.25821,0.29076,0.30718,0.30854,0.29417,0.2588,0.22136,0.19342,0.16923,0.15418,0.15293,0.16594,0.18899,0.21664,0.24442,0.269,0.28779,0.29845,0.29858,0.2852,0.25352,0.19256,0,0,0,0,0,0,0,0,0,0,0,0,0,0,0,0,0,0,0,0,0,0,0,0
0,0,0,0.10708,0.19581,0.25127,0.28631,0.30482,0.30811,0.29567,0.26236,0.23842,0.21528,0.19577,0.18398,0.18302,0.19316,0.21167,0.23448,0.25771,0.27814,0.29302,0.29983,0.29589,0.27772,0.2394,0.16518,0,0,0,0,0,0,0,0,0,0,0,0,0,0,0,0,0,0,0,0,0,0,0,0
0,0,0,0.08183,0.18373,0.24341,0.28113,0.30176,0.30694,0.29633,0.27187,0.25269,0.23335,0.21721,0.20759,0.20682,0.21507,0.23034,0.24939,0.26882,0.28554,0.29676,0.29982,0.29174,0.26848,0.22254,0.12906,0,0,0,0,0,0,0,0,0,0,0,0,0,0,0,0,0,0,0,0,0,0,0,0
0,0,0,0,0.16966,0.23452,0.27517,0.298,0.30507,0.29621,0.28048,0.26463,0.24844,0.23495,0.22696,0.22631,0.23317,0.24592,0.26187,0.27799,0.29132,0.29907,0.29842,0.28609,0.25731,0.20225,0.072099,0,0,0,0,0,0,0,0,0,0,0,0,0,0,0,0,0,0,0,0,0,0,0,0
0,0,0,0,0.15274,0.22443,0.26838,0.29352,0.3025,0.2968,0.28739,0.27455,0.26108,0.24978,0.24309,0.24255,0.24829,0.25898,0.27227,0.28541,0.29559,0.29998,0.29562,0.27884,0.24394,0.17736,0,0,0,0,0,0,0,0,0,0,0,0,0,0,0,0,0,0,0,0,0,0,0,0,0
0,0,0,0,0.12257,0.2129,0.26069,0.28831,0.29923,0.29909,0.29272,0.28265,0.27161,0.2622,0.25661,0.25616,0.26096,0.26987,0.28081,0.29123,0.29841,0.29951,0.29136,0.26986,0.22797,0.14552,0,0,0,0,0,0,0,0,0,0,0,0,0,0,0,0,0,0,0,0,0,0,0,0,0
0,0,0,0,0.058666,0.19681,0.25198,0.28232,0.29641,0.29999,0.29656,0.28909,0.28027,0.27254,0.2679,0.26752,0.27151,0.27885,0.28765,0.29552,0.29982,0.29763,0.28559,0.25897,0.20881,0.10031,0,0,0,0,0,0,0,0,0,0,0,0,0,0,0,0,0,0,0,0,0,0,0,0,0
0,0,0,0,0,0.17055,0.23832,0.27414,0.29251,0.29949,0.29897,0.29399,0.28723,0.28103,0.27723,0.27693,0.28019,0.2861,0.29292,0.29837,0.29984,0.29434,0.27821,0.24591,0.18548,0,0,0,0,0,0,0,0,0,0,0,0,0,0,0,0,0,0,0,0,0,0,0,0,0,0
0,0,0,0,0,0.13641,0.22125,0.26414,0.2871,0.2976,0.29997,0.2974,0.2926,0.28782,0.28481,0.28456,0.28716,0.29175,0.29669,0.2998,0.29847,0.28958,0.26908,0.23033,0.15612,0,0,0,0,0,0,0,0,0,0,0,0,0,0,0,0,0,0,0,0,0,0,0,0,0,0
0,0,0,0,0,0.085418,0.20069,0.2521,0.28011,0.29429,0.29958,0.2994,0.29648,0.29305,0.29077,0.29058,0.29255,0.29589,0.29904,0.29985,0.29569,0.28327,0.25803,0.21165,0.11624,0,0,0,0,0,0,0,0,0,0,0,0,0,0,0,0,0,0,0,0,0,0,0,0,0,0
0,0,0,0,0,0,0.1754,0.23772,0.27142,0.28951,0.2978,0.3,0.29892,0.29678,0.2952,0.29506,0.29644,0.29858,0.29998,0.2985,0.29146,0.27532,0.2448,0.18898,0.042636,0,0,0,0,0,0,0,0,0,0,0,0,0,0,0,0,0,0,0,0,0,0,0,0,0,0
0,0,0,0,0,0,0.14292,0.22053,0.26085,0.28319,0.2946,0.29921,0.29996,0.29908,0.29817,0.29809,0.2989,0.29987,0.29953,0.29575,0.28572,0.26557,0.229,0.16061,0,0,0,0,0,0,0,0,0,0,0,0,0,0,0,0,0,0,0,0,0,0,0,0,0,0,0
0,0,0,0,0,0,0.09621,0.19981,0.24816,0.27522,0.28994,0.29702,0.29961,0.29998,0.29973,0.2997,0.29995,0.29977,0.29769,0.29155,0.27837,0.25381,0.21005,0.12267,0,0,0,0,0,0,0,0,0,0,0,0,0,0,0,0,0,0,0,0,0,0,0,0,0,0,0
0,0,0,0,0,0,0,0.17431,0.23301,0.26544,0.28374,0.2934,0.29787,0.2995,0.2999,0.29992,0.29962,0.29828,0.29443,0.28584,0.26928,0.23976,0.18701,0.058906,0,0,0,0,0,0,0,0,0,0,0,0,0,0,0,0,0,0,0,0,0,0,0,0,0,0,0
0,0,0,0,0,0,0,0.14146,0.21488,0.25366,0.2759,0.2883,0.29471,0.29762,0.29868,0.29875,0.29789,0.29538,0.28971,0.27852,0.25827,0.22297,0.15808,0,0,0,0,0,0,0,0,0,0,0,0,0,0,0,0,0,0,0,0,0,0,0,0,0,0,0,0
0,0,0,0,0,0,0,0.093852,0.19293,0.23958,0.26627,0.28164,0.29008,0.29432,0.29606,0.29618,0.29475,0.29102,0.28344,0.26947,0.24509,0.20277,0.11907,0,0,0,0,0,0,0,0,0,0,0,0,0,0,0,0,0,0,0,0,0,0,0,0,0,0,0,0
0,0,0,0,0,0,0,0,0.16565,0.22275,0.25465,0.2733,0.28393,0.28955,0.29199,0.29217,0.29014,0.28515,0.27553,0.2585,0.22934,0.178,0.05035,0,0,0,0,0,0,0,0,0,0,0,0,0,0,0,0,0,0,0,0,0,0,0,0,0,0,0,0
0,0,0,0,0,0,0,0,0.12971,0.20251,0.24076,0.26312,0.27613,0.28324,0.28642,0.28665,0.284,0.27766,0.26582,0.24535,0.21046,0.14636,0,0,0,0,0,0,0,0,0,0,0,0,0,0,0,0,0,0,0,0,0,0,0,0,0,0,0,0,0
0,0,0,0,0,0,0,0,0.073341,0.17767,0.22417,0.25088,0.26655,0.27527,0.27925,0.27954,0.27622,0.26841,0.25411,0.22966,0.18751,0.10163,0,0,0,0,0,0,0,0,0,0,0,0,0,0,0,0,0,0,0,0,0,0,0,0,0,0,0,0,0
0,0,0,0,0,0,0,0,0,0.14593,0.20422,0.23626,0.25499,0.26551,0.27036,0.27072,0.26667,0.25723,0.24012,0.21084,0.15874,0,0,0,0,0,0,0,0,0,0,0,0,0,0,0,0,0,0,0,0,0,0,0,0,0,0,0,0,0,0
0,0,0,0,0,0,0,0,0,0.10096,0.1798,0.21877,0.24117,0.25374,0.25957,0.26,0.25513,0.24383,0.2234,0.18798,0.12001,0,0,0,0,0,0,0,0,0,0,0,0,0,0,0,0,0,0,0,0,0,0,0,0,0,0,0,0,0,0
0,0,0,0,0,0,0,0,0,0,0.14873,0.19768,0.22466,0.23967,0.24664,0.24715,0.24133,0.22784,0.20329,0.15934,0.052677,0,0,0,0,0,0,0,0,0,0,0,0,0,0,0,0,0,0,0,0,0,0,0,0,0,0,0,0,0,0
0,0,0,0,0,0,0,0,0,0,0.10527,0.17164,0.20481,0.22287,0.23119,0.23181,0.22485,0.20866,0.17865,0.12087,0,0,0,0,0,0,0,0,0,0,0,0,0,0,0,0,0,0,0,0,0,0,0,0,0,0,0,0,0,0,0
0,0,0,0,0,0,0,0,0,0,0,0.13788,0.18054,0.20265,0.21269,0.21343,0.20505,0.1853,0.14722,0.054744,0,0,0,0,0,0,0,0,0,0,0,0,0,0,0,0,0,0,0,0,0,0,0,0,0,0,0,0,0,0,0
0,0,0,0,0,0,0,0,0,0,0,0.087928,0.14969,0.17785,0.19025,0.19116,0.18083,0.15588,0.10295,0,0,0,0,0,0,0,0,0,0,0,0,0,0,0,0,0,0,0,0,0,0,0,0,0,0,0,0,0,0,0,0
0,0,0,0,0,0,0,0,0,0,0,0,0.10673,0.14616,0.16224,0.16339,0.15007,0.11589,0,0,0,0,0,0,0,0,0,0,0,0,0,0,0,0,0,0,0,0,0,0,0,0,0,0,0,0,0,0,0,0,0
0,0,0,0,0,0,0,0,0,0,0,0,0,0.10132,0.12497,0.12658,0.10731,0.041626,0,0,0,0,0,0,0,0,0,0,0,0,0,0,0,0,0,0,0,0,0,0,0,0,0,0,0,0,0,0,0,0,0
0,0,0,0,0,0,0,0,0,0,0,0,0,0,0.063883,0.067205,0,0,0,0,0,0,0,0,0,0,0,0,0,0,0,0,0,0,0,0,0,0,0,0,0,0,0,0,0,0,0,0,0,0,0
0,0,0,0,0,0,0,0,0,0,0,0,0,0,0,0,0,0,0,0,0,0,0,0,0,0,0,0,0,0,0,0,0,0,0,0,0,0,0,0,0,0,0,0,0,0,0,0,0,0,0
0,0,0,0,0,0,0,0,0,0,0,0,0,0,0,0,0,0,0,0,0,0,0,0,0,0,0,0,0,0,0,0,0,0,0,0,0,0,0,0,0,0,0,0,0,0,0,0,0,0,0
0,0,0,0,0,0,0,0,0,0,0,0,0,0,0,0,0,0,0,0,0,0,0,0,0,0,0,0,0,0,0,0,0,0,0,0,0,0,0,0,0,0,0,0,0,0,0,0,0,0,0
0,0,0,0,0,0,0,0,0,0,0,0,0,0,0,0,0,0,0,0,0,0,0,0,0,0,0,0,0,0,0,0,0,0,0,0,0,0,0,0,0,0,0,0,0,0,0,0,0,0,0
0,0,0,0,0,0,0,0,0,0,0,0,0,0,0,0,0,0,0,0,0,0,0,0,0,0,0,0,0,0,0,0,0,0,0,0,0,0,0,0,0,0,0,0,0,0,0,0,0,0,0
0,0,0,0,0,0,0,0,0,0,0,0,0,0,0,0,0,0,0,0,0,0,0,0,0,0,0,0,0,0,0,0,0,0,0,0,0,0,0,0,0,0,0,0,0,0,0,0,0,0,0
0,0,0,0,0,0,0,0,0,0,0,0,0,0,0,0,0,0,0,0,0,0,0,0,0,0,0,0,0,0,0,0,0,0,0,0,0,0,0,0,0,0,0,0,0,0,0,0,0,0,0
